MRK421_epoch_56307/sed_mrk421_mjd_56307.ecsv
# %ECSV 0.9
# ---
# datatype:
# - {name: x, unit: Hz, datatype: float64}
# - {name: x_start, unit: Hz, datatype: float64}
# - {name: x_end, unit: Hz, datatype: float64}
# - {name: y, unit: erg / (cm2 s), datatype: float64}
# - {name: dy, unit: erg / (cm2 s), datatype: float64}
# - {name: data_set, datatype: string}
# meta:
#   __serialized_columns__:
#     dy:
#       __class__: astropy.units.quantity.Quantity
#       unit: !astropy.units.Unit {unit: erg / (cm2 s)}
#       value: !astropy.table.SerializedColumn {name: dy}
#     x:
#       __class__: astropy.units.quantity.Quantity
#       unit: &id001 !astropy.units.Unit {unit: Hz}
#       value: !astropy.table.SerializedColumn {name: x}
#     x_end:
#       __class__: astropy.units.quantity.Quantity
#       unit: *id001
#       value: !astropy.table.SerializedColumn {name: x_end}
#     x_start:
#       __class__: astropy.units.quantity.Quantity
#       unit: *id001
#       value: !astropy.table.SerializedColumn {name: x_start}
#     y:
#       __class__: astropy.units.quantity.Quantity
#       unit: !astropy.units.Unit {unit: erg / (cm2 s)}
#       value: !astropy.table.SerializedColumn {name: y}
#   data_scale: lin-lin
#   obj_name: Mrk421
#   restframe: obs
#   z: 0.0308
# schema: astropy-2.0
x x_start x_end y dy data_set
8349724798.613791 8349724798.613791 8367458293.840167 5.238472875562561e-14 1.0476884978852206e-15 campaign-2013
10450955873.317387 10251075583.866236 10650120961.80985 6.397214686704584e-14 1.4052690672456624e-15 campaign-2013
14600522688.552399 14397445959.260162 14800063824.688292 8.897924750774408e-14 5.626134590877088e-15 campaign-2013
31996287712.71495 31800042010.95351 32200596918.440044 1.8326880697419754e-13 3.2989416765352343e-14 campaign-2013
86249903607.10146 86048881445.23688 86433113638.25499 6.149777400720924e-13 4.170651056666594e-14 campaign-2013
141999547272.71133 141788771066.40375 142180373729.67957 8.094248774497112e-13 4.0709729567590397e-14 campaign-2013
453937979415339.9 453553217831964.6 454516493151485.9 1.3161613449494803e-10 7.975692126760675e-12 campaign-2013
1340241136379803.5 1336836025816369.5 1343375267870808.2 2.2288001261254983e-10 7.441813121981593e-12 campaign-2013
1140182593768898.8 1137278926395048.5 1142842018681230.5 1.792555660926212e-10 5.928244301653531e-12 campaign-2013
1479833324473703.5 1477014822471933.5 1483295376728258.8 2.0989026197600744e-10 6.988673262507069e-12 campaign-2013
1140182593768898.8 1137278926395048.5 1142842018681230.5 1.744133905020353e-10 5.823024205179889e-12 campaign-2013
1340241136379803.5 1336836025816369.5 1343375267870808.2 2.1680117349523662e-10 7.16993256823481e-12 campaign-2013
1479833324473703.5 1477014822471933.5 1483295376728258.8 2.0416570588016303e-10 6.825791036750934e-12 campaign-2013
1.0420412822363282e+17 8.706498242787272e+16 1.2137630933612278e+17 3.0442346718180684e-10 2.4791546085047066e-12 campaign-2013
1.453318422277224e+17 1.2140186122358379e+17 1.692449645190225e+17 2.821762870749257e-10 2.2854544252971855e-12 campaign-2013
2.0260548243314666e+17 1.6924496575874298e+17 2.3599255919397907e+17 2.35532647429681e-10 1.6967216789238345e-12 campaign-2013
2.825689483597611e+17 2.3599216668830752e+17 3.289242244054044e+17 1.8843412987213076e-10 1.3659275977955175e-12 campaign-2013
3.939261845545834e+17 3.2906525414560237e+17 4.588434942185382e+17 1.5635983133873382e-10 1.3991729993648777e-12 campaign-2013
5.49286960894224e+17 4.588427310645066e+17 6.39803198198672e+17 1.2950143245129415e-10 1.7325611799107252e-12 campaign-2013
7.659159577003086e+17 6.398021340702687e+17 8.91940933924356e+17 1.0048264166034973e-10 1.7936559512095448e-12 campaign-2013
1.0677547998735274e+18 8.919409404578147e+17 1.2437086340788278e+18 7.995183271715432e-11 2.0208607970164266e-12 campaign-2013
1.4891717009973353e+18 1.2437065655276127e+18 1.7342051739583624e+18 5.420463911222505e-11 2.762706891096568e-12 campaign-2013
2.0760374759000824e+18 1.7342127190537185e+18 2.418159358072925e+18 4.3626339268240264e-11 4.8715625389951865e-12 campaign-2013
6.604773049645152e+18 6.184325517495814e+18 7.058220655706242e+18 7.813254526347948e-12 1.2966314938415268e-12 campaign-2013
5.04048028808471e+18 4.0099976493105e+18 6.333044475227173e+18 1.3515864121542099e-11 5.390205132020035e-13 campaign-2013
3.611762735744781e+18 3.3291962482613673e+18 3.920838269485886e+18 2.1654548892250232e-11 8.518827905846443e-13 campaign-2013
3.139182881986988e+18 2.9650387520133873e+18 3.322838774098715e+18 2.3068883724379978e-11 9.219841660196112e-13 campaign-2013
2.8436632941466363e+18 2.7301610345108664e+18 2.96252456551937e+18 2.617845432222949e-11 1.047482159041683e-12 campaign-2013
2.645768930859419e+18 2.5639854744887747e+18 2.729006467294905e+18 2.8659968286889745e-11 1.144310869172671e-12 campaign-2013
2.4952872479446205e+18 2.428444294034698e+18 2.563987184718405e+18 2.9944678158583294e-11 1.179407372783756e-12 campaign-2013
2.374432951049879e+18 2.3221255726297615e+18 2.428438612095315e+18 3.455137283657519e-11 1.3282972200186944e-12 campaign-2013
2.2733754905565706e+18 2.224712105151824e+18 2.322127122120555e+18 3.507158619780494e-11 1.3498063530893324e-12 campaign-2013
2.1807857349441055e+18 2.1381766937548908e+18 2.225655545162884e+18 3.5377359710303455e-11 1.3743698506590447e-12 campaign-2013
2.0990746924350582e+18 2.0606877707022615e+18 2.138180978318629e+18 3.823494754785431e-11 1.466484966663383e-12 campaign-2013
2.02643664453293e+18 1.992754813557456e+18 2.0606863921926477e+18 3.8245230145342874e-11 1.5252419967446598e-12 campaign-2013
1.9587962487897377e+18 1.9250227141753546e+18 1.9927581410237478e+18 4.0034792397302044e-11 1.5175912592137214e-12 campaign-2013
1.8958405855339205e+18 1.8671008395333635e+18 1.9250227128787523e+18 4.475331804676533e-11 1.6885912156374816e-12 campaign-2013
1.8376249486824105e+18 1.808995125723716e+18 1.8670939762852746e+18 4.3876836119295416e-11 1.6357266233943629e-12 campaign-2013
1.77968718398398e+18 1.751222640196912e+18 1.809000564045086e+18 4.3814105171894955e-11 1.5960437840633092e-12 campaign-2013
1.7265016703956293e+18 1.7024982268756593e+18 1.7512220540089687e+18 5.031982143596226e-11 1.835366576806545e-12 campaign-2013
1.6781118103721892e+18 1.6544229027283584e+18 1.702131945560459e+18 4.8755055086143245e-11 1.7697199521969196e-12 campaign-2013
1.6348886322005358e+18 1.6155752926736873e+18 1.654424007375956e+18 5.0171457235044354e-11 1.9717466138872873e-12 campaign-2013
1.5961540990160714e+18 1.576966371891931e+18 1.6155720531496246e+18 4.9996635477429545e-11 1.9376609210236472e-12 campaign-2013
1.5570257864960873e+18 1.5383084296099612e+18 1.5769711129386191e+18 5.2093011715375996e-11 1.941851521493165e-12 campaign-2013
1.5188475358012987e+18 1.4996328386464404e+18 1.5383022612135142e+18 5.671046384948329e-11 2.000173006746817e-12 campaign-2013
1.479726532510752e+18 1.4610067489089984e+18 1.4993162137733724e+18 5.301016375622738e-11 1.900266455884697e-12 campaign-2013
1.446511237781121e+18 1.4318581238882278e+18 1.4610101652084495e+18 5.848350615869551e-11 2.277254843569641e-12 campaign-2013
1.4167483778595366e+18 1.4023967608128494e+18 1.4312526017933947e+18 5.457454310085341e-11 2.1815477430819226e-12 campaign-2013
1.387890011168632e+18 1.3738307284798515e+18 1.4023962916238077e+18 5.487328519550633e-11 2.161444137706216e-12 campaign-2013
1.3590472252715712e+18 1.3447058194630797e+18 1.3738311868395832e+18 5.81859175751485e-11 2.200628822663667e-12 campaign-2013
1.3296678460714967e+18 1.3159134228640622e+18 1.344700427498581e+18 5.7806931186264864e-11 2.1757463720401283e-12 campaign-2013
1.3009235794018376e+18 1.2866537604350426e+18 1.315637785509275e+18 6.146155416311365e-11 2.2227860841390337e-12 campaign-2013
1.2717295073466854e+18 1.2575076350115108e+18 1.286926763882861e+18 6.087038802397752e-11 2.1905035182924377e-12 campaign-2013
1.2429214558990093e+18 1.228238520553944e+18 1.2575063739268022e+18 6.289143846821927e-11 2.2067135369211137e-12 campaign-2013
1.2139918420011756e+18 1.1993981732509955e+18 1.2287606152173517e+18 6.62004959185325e-11 2.245959251235605e-12 campaign-2013
1.184730539950403e+18 1.170488627887998e+18 1.1993977718766019e+18 6.145594156057026e-11 2.150842177989934e-12 campaign-2013
1.155931198314833e+18 1.1413076976776987e+18 1.1704890183068774e+18 6.448139665258384e-11 2.1874402540173335e-12 campaign-2013
1.1319021156917996e+18 1.1221015673986508e+18 1.1415513872135154e+18 6.971495606086991e-11 2.7740288612707993e-12 campaign-2013
1.1123791871075174e+18 1.1027476776400333e+18 1.1221000673540232e+18 7.875176985742038e-11 2.932467838589164e-12 campaign-2013
1.0929694807269926e+18 1.083271473501809e+18 1.1027498878340216e+18 7.378473568095292e-11 2.8268044714925048e-12 campaign-2013
1.0738855341805167e+18 1.0639088850516287e+18 1.0832689395616982e+18 7.052446229662444e-11 2.755461408738907e-12 campaign-2013
1.054468734858884e+18 1.0448986709323054e+18 1.0641385372986625e+18 7.998763810991608e-11 2.921183369309647e-12 campaign-2013
1.034967219446037e+18 1.0253521306123986e+18 1.0448969249504882e+18 7.793150550015953e-11 2.8706469547798235e-12 campaign-2013
1.0156064631856872e+18 1.0061712403302313e+18 1.0253504172920129e+18 8.376787810202797e-11 2.9656056251842313e-12 campaign-2013
9.9639812921248e+17 9.867258800803163e+17 1.0061746016077637e+18 7.583319448932652e-11 2.820267545925209e-12 campaign-2013
9.77141645029387e+17 9.674468454676375e+17 9.867248906306804e+17 8.60010752446876e-11 3.0061596120243214e-12 campaign-2013
6.576169980048523e+22 2.417927511606036e+22 1.7889364132391905e+23 2.6206560091599403e-11 7.272139189789189e-12 campaign-2013
4.867538452075843e+23 1.7889335036795004e+23 1.3241284108443431e+24 5.4897789854478674e-11 1.3185632383192363e-11 campaign-2013
3.6028464371083777e+24 1.3241297964902068e+24 9.798832303774096e+24 5.557498635957827e-11 3.2033378603299446e-11 campaign-2013
2.1170559445868215e+25 1.6803268024946662e+25 2.604677156942234e+25 5.26413810033736e-11 1.297279888434429e-11 campaign-2013
3.2830554306267447e+25 2.60467892260397e+25 4.039230352150491e+25 2.2134571198493098e-11 4.8321770837621805e-12 campaign-2013
5.090144018113119e+25 4.039219594903205e+25 6.261200496890389e+25 3.0132817480995614e-11 3.918715119290063e-12 campaign-2013
7.893567717854095e+25 6.262522791129669e+25 9.709605957088195e+25 2.311850349168124e-11 3.4600826869445045e-12 campaign-2013
1.2238489110966428e+26 9.709596318780419e+25 1.5057247869437176e+26 1.9397433870592877e-11 3.497253868621232e-12 campaign-2013
1.897079953509025e+26 1.5057298322736158e+26 2.334529364095466e+26 1.558403440350886e-11 3.880958012263573e-12 campaign-2013
2.9425437554428624e+26 2.3345270467086626e+26 3.618753960121469e+26 6.460732698754308e-12 3.5439884438034358e-12 campaign-2013
5.699546012962036e+25 5.681442390581696e+25 5.722573103655327e+25 4.221292370804432e-11 5.940245085603872e-12 campaign-2013
8.038918466759904e+25 8.020182205017483e+25 8.062834057440048e+25 4.0153181025224756e-11 4.176209427979363e-12 campaign-2013
1.1401254534750661e+26 1.1202248704303333e+26 1.1598880753462241e+26 3.271283753917836e-11 3.5312325473517477e-12 campaign-2013
1.609791696619652e+26 1.5897706313203627e+26 1.6297267267956532e+26 2.097175138504228e-11 2.966986345251039e-12 campaign-2013
2.2695733063203554e+26 2.25039589078872e+26 2.290374512695879e+26 1.0845140851286287e-11 2.276669674025763e-12 campaign-2013
3.199769885494007e+26 3.179475136630203e+26 3.219523963256647e+26 7.958644578194088e-12 2.0971608048363126e-12 campaign-2013
4.5188696503352304e+26 4.5016456216842575e+26 4.539047660016142e+26 4.875853307781878e-12 2.070144607144935e-12 campaign-2013
6.389869326788834e+26 6.366892133213674e+26 6.410264581511143e+26 5.9240858493138315e-12 2.58110179156614e-12 campaign-2013
9.029836731293034e+26 9.01068738783791e+26 9.050922613647559e+26 3.907836021073028e-12 2.464908590323575e-12 campaign-2013
