MRK421_epoch_56312/sed_mrk421_mjd_56312.ecsv
# %ECSV 0.9
# ---
# datatype:
# - {name: x, unit: Hz, datatype: float64}
# - {name: x_start, unit: Hz, datatype: float64}
# - {name: x_end, unit: Hz, datatype: float64}
# - {name: y, unit: erg / (cm2 s), datatype: float64}
# - {name: dy, unit: erg / (cm2 s), datatype: float64}
# - {name: data_set, datatype: string}
# meta:
#   __serialized_columns__:
#     dy:
#       __class__: astropy.units.quantity.Quantity
#       unit: !astropy.units.Unit {unit: erg / (cm2 s)}
#       value: !astropy.table.SerializedColumn {name: dy}
#     x:
#       __class__: astropy.units.quantity.Quantity
#       unit: &id001 !astropy.units.Unit {unit: Hz}
#       value: !astropy.table.SerializedColumn {name: x}
#     x_end:
#       __class__: astropy.units.quantity.Quantity
#       unit: *id001
#       value: !astropy.table.SerializedColumn {name: x_end}
#     x_start:
#       __class__: astropy.units.quantity.Quantity
#       unit: *id001
#       value: !astropy.table.SerializedColumn {name: x_start}
#     y:
#       __class__: astropy.units.quantity.Quantity
#       unit: !astropy.units.Unit {unit: erg / (cm2 s)}
#       value: !astropy.table.SerializedColumn {name: y}
#   data_scale: lin-lin
#   obj_name: Mrk421
#   restframe: obs
#   z: 0.0308
# schema: astropy-2.0
x x_start x_end y dy data_set
2640132156.8622994 2620044571.1714497 2659809394.332142 1.946601743385651e-14 2.569477750853484e-16 campaign-2013
4850507159.907387 4829968107.774298 4871130947.848248 3.060153490078705e-14 3.915928830536924e-16 campaign-2013
8351287915.158424 8351287915.158424 8369024550.368388 5.238538057255541e-14 1.0477094061869808e-15 campaign-2013
10450676060.854313 10248670354.981491 10652136874.202757 6.396735919619567e-14 1.40797377615925e-15 campaign-2013
14600055992.900658 14400096425.182142 14796504583.701355 8.898048314135192e-14 5.630488368932718e-15 campaign-2013
32001842186.84768 31798813097.5772 32206180479.685734 1.8325607548431756e-13 3.298737153855571e-14 campaign-2013
86227547288.2584 86044843826.74156 86429054090.67978 6.149421718116186e-13 4.167503121950558e-14 campaign-2013
142022054511.4724 141811417597.83868 142203078835.71893 8.094515993899902e-13 4.074942110844901e-14 campaign-2013
453972824072685.0 453491209203046.5 454454343060994.3 1.5952339257457023e-10 1.9941760828426456e-11 campaign-2013
1140016752961050.5 1137359065254410.0 1142680039976731.2 1.9689569312449673e-10 6.534320116869003e-12 campaign-2013
1340049644009952.8 1336642642873145.5 1342895937837570.5 2.4139820916065223e-10 7.925515933256517e-12 campaign-2013
1479615953402106.8 1476481753253885.8 1483389265865371.8 2.2231925523787543e-10 8.621169298421033e-12 campaign-2013
1.0420670289226347e+17 8.704860108797202e+16 1.2135306394966533e+17 1.4770653947712695e-10 1.5265593600992803e-12 campaign-2013
1.4530365653594467e+17 1.2135306483856642e+17 1.6921226449017974e+17 1.2656626263779566e-10 1.3986788596938665e-12 campaign-2013
2.0256550745792045e+17 1.692124918694078e+17 2.3594648365361085e+17 1.0138398854634326e-10 1.0026300482197144e-12 campaign-2013
2.8251326379286304e+17 2.3594637501968954e+17 3.289290715599157e+17 7.806259638631705e-11 7.50967732271266e-13 campaign-2013
3.9384723005672186e+17 3.289987120330164e+17 4.5874916427958637e+17 6.12404518833775e-11 7.479408072775199e-13 campaign-2013
5.4917237620462957e+17 4.587495048372597e+17 6.395353549809677e+17 5.0161242934936065e-11 9.13360232849689e-13 campaign-2013
7.657559070885206e+17 6.396707566481851e+17 8.917547814445394e+17 3.930602288205255e-11 9.776328584241832e-13 campaign-2013
1.0675280829558179e+18 8.917547879765836e+17 1.243444879156619e+18 2.899968067615452e-11 1.1206158740327893e-12 campaign-2013
1.4888531743188902e+18 1.243444306652672e+18 1.7342015299396375e+18 1.8372942098716897e-11 1.789843497763733e-12 campaign-2013
2.0755864372321408e+18 1.7342030491145533e+18 2.4176247623809367e+18 2.0342662288418825e-11 2.627575559032941e-12 campaign-2013
5.764848415568683e+18 4.890812216467926e+18 6.792215310856966e+18 4.343277895445551e-12 4.765308316390278e-13 campaign-2013
4.4341747944554015e+18 4.0578799038067487e+18 4.844342810251958e+18 5.5224607249887526e-12 5.231637521648509e-13 campaign-2013
3.829529817286915e+18 3.6224681658137155e+18 4.0492753506880497e+18 5.965873913333478e-12 5.916953019435223e-13 campaign-2013
3.491182554714561e+18 3.367513351268597e+18 3.619398724590879e+18 9.021381651733045e-12 8.286828387032906e-13 campaign-2013
3.259264992516547e+18 3.154500059914834e+18 3.3667980813734753e+18 7.489807298727384e-12 7.405147981262453e-13 campaign-2013
3.0699862452165023e+18 2.989007286031643e+18 3.153828138796231e+18 8.979484929716073e-12 8.385537909493452e-13 campaign-2013
2.929990695190703e+18 2.8727474250202506e+18 2.989009879890095e+18 1.0547089415608268e-11 1.0170903530657332e-12 campaign-2013
2.8238018754894746e+18 2.775690254760794e+18 2.8727474228434186e+18 1.129443118273687e-11 1.0770717019971764e-12 campaign-2013
2.7226172805407836e+18 2.669990615780123e+18 2.7756908088085463e+18 8.444815086158877e-12 8.197489293448863e-13 campaign-2013
2.620605568716842e+18 2.573223180048161e+18 2.66942314672345e+18 8.27795430011864e-12 8.090976921501151e-13 campaign-2013
2.5336787248746926e+18 2.4952701415361464e+18 2.5721327593135176e+18 1.0325741898884884e-11 9.61911447054921e-13 campaign-2013
2.4616164422467374e+18 2.4273872495198863e+18 2.495267305498855e+18 1.091191551356116e-11 9.944979829690644e-13 campaign-2013
2.40330683985045e+18 2.378955938832255e+18 2.427390005852326e+18 1.2504170500653651e-11 1.216552007176804e-12 campaign-2013
2.3543504917729096e+18 2.330497030152447e+18 2.378953712253323e+18 1.1709202468888436e-11 1.1524202089304117e-12 campaign-2013
2.306396952790889e+18 2.2820588423771628e+18 2.3304970290732457e+18 1.2338555557082698e-11 1.1600055602259362e-12 campaign-2013
2.253674329669577e+18 2.2246940881380416e+18 2.282543504377655e+18 1.1202833665639153e-11 9.872472888098848e-13 campaign-2013
2.199820664383217e+18 2.1756832438573558e+18 2.2242217072049687e+18 1.2179458888941062e-11 1.1056424218967163e-12 campaign-2013
2.1563823143485614e+18 2.1372538926408824e+18 2.175683679146865e+18 1.3964198010395976e-11 1.297092746372372e-12 campaign-2013
2.1178455055160061e+18 2.0986146278983713e+18 2.137256319612811e+18 1.2592888007915362e-11 1.2128380867012016e-12 campaign-2013
2.0791144499969306e+18 2.0597942276231276e+18 2.099056683670431e+18 1.3329234380424246e-11 1.232233574801162e-12 campaign-2013
2.040222827509896e+18 2.0212688687716708e+18 2.0597969795196588e+18 1.2599662228459531e-11 1.1776529793513942e-12 campaign-2013
2.0016361408945992e+18 1.9826173373320259e+18 2.0212661666470277e+18 1.2174022318009847e-11 1.1429467524243357e-12 campaign-2013
1.963364757502723e+18 1.943882914020799e+18 1.9826177339113116e+18 1.2727710903939927e-11 1.1485502618042976e-12 campaign-2013
1.9295046699114191e+18 1.9148239311851412e+18 1.943473146393026e+18 1.4768829282459435e-11 1.4057456490135464e-12 campaign-2013
1.9002548916389066e+18 1.885796701403605e+18 1.914823930540267e+18 1.3357904969386064e-11 1.3230942160651248e-12 campaign-2013
1.8710490180994348e+18 1.8568130423036014e+18 1.8857941805431355e+18 1.3555415045248734e-11 1.3183969587432534e-12 campaign-2013
1.8422953465961772e+18 1.827891159079335e+18 1.8568147787004452e+18 1.3886940276278204e-11 1.3205561816878292e-12 campaign-2013
1.8135974109188874e+18 1.7986526834083103e+18 1.8278890820234632e+18 1.5768682924321055e-11 1.3883194365696641e-12 campaign-2013
1.783832178873284e+18 1.7698850920228534e+18 1.7982723284303104e+18 1.3116223899310552e-11 1.2536951867865873e-12 campaign-2013
1.755301626146012e+18 1.7408383248368673e+18 1.7698858009707192e+18 1.5230538923001837e-11 1.3347225733917202e-12 campaign-2013
1.7308949012700045e+18 1.721371595146957e+18 1.741205832726215e+18 2.0580703331088207e-11 1.8804066744879758e-12 campaign-2013
1.7119048039079864e+18 1.7017632907827658e+18 1.721371594712161e+18 1.715104270992535e-11 1.7020398393865435e-12 campaign-2013
1.6873838950865533e+18 1.673126001024359e+18 1.7024877999873398e+18 1.6485860823480156e-11 1.3463308895139934e-12 campaign-2013
1.6635693407236255e+18 1.653714172220607e+18 1.6734787668738982e+18 1.879700039240104e-11 1.7486096287578815e-12 campaign-2013
1.6442683895546867e+18 1.6341855181253396e+18 1.6537167133564224e+18 1.659689103947013e-11 1.6289894076988672e-12 campaign-2013
1.624851280383833e+18 1.6148835925379443e+18 1.6341840981240486e+18 1.9768359575766128e-11 1.7598419086510262e-12 campaign-2013
1.605319740048507e+18 1.595810608316448e+18 1.6145405883420424e+18 1.937426746829113e-11 1.7301353152081007e-12 campaign-2013
1.5860239325980541e+18 1.5766281516570847e+18 1.595471442027286e+18 1.5533367238962287e-11 1.539202314256253e-12 campaign-2013
1.5666255594350374e+18 1.5570178677438083e+18 1.5766299422060833e+18 2.0870021653894614e-11 1.76621617886383e-12 campaign-2013
1.5474672361703736e+18 1.5379742625375852e+18 1.557016098615765e+18 1.869803208254756e-11 1.6586043203935656e-12 campaign-2013
1.527893429353427e+18 1.518521444914782e+18 1.5379748787203955e+18 1.9253300059319316e-11 1.6716897646091845e-12 campaign-2013
1.5085681175115807e+18 1.498996416661932e+18 1.5185218503583378e+18 2.2082430479572032e-11 1.7754616520850476e-12 campaign-2013
1.4891710683527544e+18 1.47972332956289e+18 1.4989977183734556e+18 1.6995169059154538e-11 1.5443362755642698e-12 campaign-2013
1.4700216568009124e+18 1.4603862269629379e+18 1.4797226369972716e+18 1.8893137311636525e-11 1.6149626018280644e-12 campaign-2013
1.4505042477601375e+18 1.441300955857357e+18 1.4603846651876337e+18 1.8874550562528604e-11 1.602283120202868e-12 campaign-2013
1.4312459704497477e+18 1.4218647004083384e+18 1.4409967466505152e+18 2.1174791787736566e-11 1.683627459305174e-12 campaign-2013
1.411944459527268e+18 1.402390270692151e+18 1.4218634648402204e+18 1.9268788953657737e-11 1.5994124080767366e-12 campaign-2013
1.3926059014124718e+18 1.382890628581795e+18 1.4023905513868063e+18 2.1155838665613827e-11 1.6593294758212826e-12 campaign-2013
1.3732423068084347e+18 1.3636613006355407e+18 1.3828900737177943e+18 1.9593967056000712e-11 1.5851313748752921e-12 campaign-2013
1.353861326781215e+18 1.3441309722501071e+18 1.3636628492643863e+18 2.030806499831628e-11 1.6054535873904998e-12 campaign-2013
1.3347538763306424e+18 1.3248787632787315e+18 1.344416078796135e+18 1.6759567300347146e-11 1.4528453463847344e-12 campaign-2013
1.315075919907918e+18 1.305625105673075e+18 1.3248784972617902e+18 2.098799200390937e-11 1.6131226806707918e-12 campaign-2013
1.295965500445057e+18 1.2861050781268265e+18 1.305624494536946e+18 2.1468649043390806e-11 1.6192364292702272e-12 campaign-2013
1.281475823308725e+18 1.2765914263501806e+18 1.2863789083585592e+18 2.4438922525159128e-11 2.439454805052544e-12 campaign-2013
1.2668784127033705e+18 1.2569716735131502e+18 1.2765904875796808e+18 2.0875634310865166e-11 1.5828693548784913e-12 campaign-2013
1.247407937797493e+18 1.2381805387727462e+18 1.256972597009863e+18 1.7993791518721535e-11 1.4653723935331876e-12 campaign-2013
1.228238179161015e+18 1.2183749221311747e+18 1.2381791318125304e+18 2.322144772335228e-11 1.6494850264156385e-12 campaign-2013
1.2134748601678546e+18 1.2088496516321441e+18 1.218376224530438e+18 2.8503074021635706e-11 2.5888848141344004e-12 campaign-2013
1.203987174349647e+18 1.199398128512375e+18 1.2085937782413256e+18 2.5635157460555528e-11 2.445909189982603e-12 campaign-2013
1.1895146350207122e+18 1.179713294714469e+18 1.1991434541851648e+18 2.2157678641579486e-11 1.6006913925888524e-12 campaign-2013
1.1749658956866004e+18 1.1704874656273682e+18 1.1797117179177859e+18 2.5534428487427836e-11 2.4233475879983702e-12 campaign-2013
1.160597193274633e+18 1.1507904907934875e+18 1.1702407285608445e+18 2.3693795350786138e-11 1.6403744995202578e-12 campaign-2013
1.1459175682092187e+18 1.1410645933688593e+18 1.1507891833294565e+18 2.949962598755079e-11 2.5825385953522006e-12 campaign-2013
1.1362342208918927e+18 1.1314229355707946e+18 1.1410653556269353e+18 2.931015917243664e-11 2.572649557297208e-12 campaign-2013
1.1263935527651615e+18 1.1216232623676987e+18 1.1314221793254093e+18 2.4915927194475685e-11 2.371579735597008e-12 campaign-2013
1.1168751892370876e+18 1.1121458780575259e+18 1.1218619970696627e+18 2.4273275281973215e-11 2.331036247519641e-12 campaign-2013
1.1074359267357592e+18 1.1025131705911124e+18 1.1121451346969647e+18 2.292411752532857e-11 2.263306467285777e-12 campaign-2013
1.0978459945997925e+18 1.0927325515381345e+18 1.1025129493612859e+18 2.572479583267746e-11 2.3815144467208615e-12 campaign-2013
1.0878751545974504e+18 1.0828101063396133e+18 1.092733500546725e+18 2.714145868683571e-11 2.4477007127577336e-12 campaign-2013
1.0784546105703529e+18 1.07343148686006e+18 1.0830391323563073e+18 2.4539749389020164e-11 2.3235370514237276e-12 campaign-2013
1.0686598866977075e+18 1.0636843029880663e+18 1.0734324191061816e+18 2.546140212590018e-11 2.3581689946938642e-12 campaign-2013
1.0589553940039505e+18 1.0540249935339436e+18 1.0636845870801688e+18 2.6935755967335638e-11 2.420788291784372e-12 campaign-2013
1.0493396587996582e+18 1.0444521439533089e+18 1.053800412622278e+18 2.6109798852786677e-11 2.381959878771697e-12 campaign-2013
1.0393692228980434e+18 1.0347484134697321e+18 1.0444529114438902e+18 2.4693931263881274e-11 2.3159397744215885e-12 campaign-2013
1.029928860343487e+18 1.0253506373480129e+18 1.0345279398154467e+18 2.4428013671407743e-11 2.2931960921887583e-12 campaign-2013
1.0203606755064986e+18 1.0153931658248947e+18 1.0251336045712906e+18 2.9116738408190784e-11 2.496709410831195e-12 campaign-2013
1.0106655871465453e+18 1.0057452768978949e+18 1.0153931656111724e+18 2.6330359130661587e-11 2.3782080721067253e-12 campaign-2013
1.0010626179171735e+18 9.959781986034733e+17 1.0057457471162792e+18 2.6767508874279063e-11 2.3973576786175436e-12 campaign-2013
9.913392257108772e+17 9.863047848756626e+17 9.959774663140653e+17 3.318966471942025e-11 2.6625412498679795e-12 campaign-2013
9.817126390662665e+17 9.767264987257658e+17 9.863052460049972e+17 2.5548164482692233e-11 2.342202216922456e-12 campaign-2013
9.717656831029983e+17 9.672412300355432e+17 9.767269553769263e+17 2.525715328293101e-11 2.330172636373349e-12 campaign-2013
6.57543113782416e+22 2.4171686109532874e+22 1.789097659465886e+23 2.0239149523482032e-11 6.1943106994649455e-12 campaign-2013
4.866889980722812e+23 1.7890984557187418e+23 1.3239427445837544e+24 3.247862257031521e-11 9.630848591919993e-12 campaign-2013
3.601520106130585e+24 1.3239407682606627e+24 9.799313622695366e+24 1.0079596830284619e-10 4.3366530942823746e-11 campaign-2013
2.6657114571652046e+25 9.799317983961817e+24 7.251549463510801e+25 2.709142902792414e-10 1.9163788899922055e-10 campaign-2013
2.106841694473427e+25 1.6796850513692378e+25 2.604223264158691e+25 3.8210021833183374e-11 5.797389802819359e-12 campaign-2013
3.267187260790614e+25 2.604223811388045e+25 4.0385066386013716e+25 1.7860634764254904e-11 3.082185417858232e-12 campaign-2013
5.063374874554871e+25 4.03850316952315e+25 6.260062174437191e+25 1.1453205440072615e-11 2.0209106536886242e-12 campaign-2013
7.852048768789633e+25 6.260066417972826e+25 9.70575441364672e+25 7.347741459755955e-12 1.612094010544479e-12 campaign-2013
1.2176573957023367e+26 9.707811273273054e+25 1.505441279738046e+26 6.6344970124074825e-12 1.5630684089987323e-12 campaign-2013
5.687641377514588e+25 5.670769244463078e+25 5.709399182150327e+25 2.294465481557175e-11 3.899188572590904e-12 campaign-2013
8.037441434047217e+25 8.018713626689301e+25 8.061357236071722e+25 1.4161760499070513e-11 2.4644570048867404e-12 campaign-2013
1.1399085104207018e+26 1.1200125873676033e+26 1.1599139249813496e+26 1.0934415680321352e-11 2.079571104573877e-12 campaign-2013
1.599615991225959e+26 1.5797169318186746e+26 1.6194199380698583e+26 7.349046343469006e-12 1.7116994582941805e-12 campaign-2013
2.2696114897175777e+26 2.249478656407383e+26 2.289926347162814e+26 4.651457045945523e-12 1.4877527091914776e-12 campaign-2013
3.1998087382649804e+26 3.178835215562202e+26 3.2188755736354245e+26 2.5004369953387796e-12 1.2546543752170505e-12 campaign-2013
