MRK421_epoch_56335/sed_mrk421_mjd_56335.ecsv
# %ECSV 0.9
# ---
# datatype:
# - {name: x, unit: Hz, datatype: float64}
# - {name: x_start, unit: Hz, datatype: float64}
# - {name: x_end, unit: Hz, datatype: float64}
# - {name: y, unit: erg / (cm2 s), datatype: float64}
# - {name: dy, unit: erg / (cm2 s), datatype: float64}
# - {name: data_set, datatype: string}
# meta:
#   __serialized_columns__:
#     dy:
#       __class__: astropy.units.quantity.Quantity
#       unit: !astropy.units.Unit {unit: erg / (cm2 s)}
#       value: !astropy.table.SerializedColumn {name: dy}
#     x:
#       __class__: astropy.units.quantity.Quantity
#       unit: &id001 !astropy.units.Unit {unit: Hz}
#       value: !astropy.table.SerializedColumn {name: x}
#     x_end:
#       __class__: astropy.units.quantity.Quantity
#       unit: *id001
#       value: !astropy.table.SerializedColumn {name: x_end}
#     x_start:
#       __class__: astropy.units.quantity.Quantity
#       unit: *id001
#       value: !astropy.table.SerializedColumn {name: x_start}
#     y:
#       __class__: astropy.units.quantity.Quantity
#       unit: !astropy.units.Unit {unit: erg / (cm2 s)}
#       value: !astropy.table.SerializedColumn {name: y}
#   data_scale: lin-lin
#   obj_name: Mrk421
#   restframe: obs
#   z: 0.0308
# schema: astropy-2.0
x x_start x_end y dy data_set
2640158116.4596467 2620070130.578954 2659271499.285253 1.9021750593984145e-14 1.8809747278608366e-16 campaign-2013
4849549268.094293 4830048051.704059 4870178630.065029 3.246926431904438e-14 3.050786579073477e-16 campaign-2013
8349724798.613791 8330264142.313924 8369236509.319916 5.066554936913075e-14 7.480939986367245e-16 campaign-2013
10450955873.317387 10251075583.866236 10650120961.80985 6.059610562292292e-14 1.127714294413674e-15 campaign-2013
14600522688.552399 14397445959.260162 14800063824.688292 8.086251199598648e-14 3.1426689862605284e-15 campaign-2013
23048916652.189163 22849348140.36924 23250336960.28602 1.1811488305861883e-13 1.2370526566909477e-14 campaign-2013
31996287712.71495 31800042010.95351 32200596918.440044 1.477036918017977e-13 2.4372602170257287e-14 campaign-2013
86249903607.10146 86048881445.23688 86433113638.25499 4.913583156936308e-13 4.3262581416615537e-14 campaign-2013
141999547272.71133 141788771066.40375 142180373729.67957 6.159882389213773e-13 4.073533667841116e-14 campaign-2013
453937979415339.9 453553217831964.6 454516493151485.9 1.0768733584100757e-10 1.9897329764869827e-12 campaign-2013
1340241136379803.5 1336836025816369.5 1343375267870808.2 2.1878669515620498e-10 7.274830004872314e-12 campaign-2013
1340241136379803.5 1336836025816369.5 1343375267870808.2 2.1878669515620498e-10 7.274830004872314e-12 campaign-2013
1340241136379803.5 1336836025816369.5 1343375267870808.2 2.1482851736614792e-10 7.182330569927192e-12 campaign-2013
1479833324473703.5 1477014822471933.5 1483295376728258.8 2.1181222522261555e-10 6.9951979087181205e-12 campaign-2013
1140182593768898.8 1137278926395048.5 1142842018681230.5 1.744108807729055e-10 5.822984182208311e-12 campaign-2013
1340241136379803.5 1336836025816369.5 1343375267870808.2 2.2085214753635567e-10 7.363282417284129e-12 campaign-2013
1.0420412822363282e+17 8.706498242787272e+16 1.2137630933612278e+17 3.1323589409579746e-10 2.6772083331443822e-12 campaign-2013
1.453318422277224e+17 1.2140186122358379e+17 1.692449645190225e+17 2.87166444096809e-10 2.4541746751374175e-12 campaign-2013
2.0260548243314666e+17 1.6924496575874298e+17 2.3599255919397907e+17 2.3737092967184854e-10 1.837431243828973e-12 campaign-2013
2.825689483597611e+17 2.3599216668830752e+17 3.289242244054044e+17 1.976197679015175e-10 1.4855809285333023e-12 campaign-2013
3.939261845545834e+17 3.2906525414560237e+17 4.588434942185382e+17 1.7140895232283223e-10 1.56466820482579e-12 campaign-2013
5.49286960894224e+17 4.588427310645066e+17 6.39803198198672e+17 1.4572395055721043e-10 1.9560453833670624e-12 campaign-2013
7.659159577003086e+17 6.398021340702687e+17 8.91940933924356e+17 1.2396540217024603e-10 2.113389921486522e-12 campaign-2013
1.0677547998735274e+18 8.919409404578147e+17 1.2437086340788278e+18 1.026070345767889e-10 2.377622365411042e-12 campaign-2013
1.4891717009973353e+18 1.2437065655276127e+18 1.7342051739583624e+18 7.933025021471969e-11 3.2995132480162135e-12 campaign-2013
2.0760374759000824e+18 1.7342127190537185e+18 2.418159358072925e+18 6.032671509147006e-11 9.505569957713761e-12 campaign-2013
6.933559428633896e+18 6.679430031859284e+18 7.201930350403629e+18 2.0967397561596014e-11 3.918998819730844e-12 campaign-2013
5.671530954062183e+18 4.745740862464457e+18 6.780826151436571e+18 2.7999980288567564e-11 1.38506111090853e-12 campaign-2013
4.32460116064921e+18 3.988783697028847e+18 4.688681829162379e+18 3.416306311857491e-11 1.7050807591506325e-12 campaign-2013
3.7923776793464735e+18 3.611762735744781e+18 3.980330096535866e+18 4.404493254215082e-11 2.200357170169226e-12 campaign-2013
3.457315887323643e+18 3.311583916154553e+18 3.6110098133881733e+18 4.247719964786705e-11 2.1050047081177226e-12 campaign-2013
3.211265892413675e+18 3.115953804587012e+18 3.3087692474479667e+18 5.2063795160165805e-11 2.586961140805189e-12 campaign-2013
3.0234888135346376e+18 2.931880440944606e+18 3.1152875887448934e+18 4.730544935552129e-11 2.3210645618981663e-12 campaign-2013
2.858787036622879e+18 2.7869292132751365e+18 2.9318872946407163e+18 5.173413012690337e-11 2.507891243088333e-12 campaign-2013
2.7324771046901494e+18 2.67965287919284e+18 2.7863277612288374e+18 5.545950769973877e-11 2.7530804704686776e-12 campaign-2013
2.630648608065515e+18 2.58254050472444e+18 2.679658248788155e+18 5.876535234219683e-11 2.814896663799417e-12 campaign-2013
2.5385466597776707e+18 2.495827542079316e+18 2.582551719841645e+18 5.607830411759817e-11 2.7584292426826068e-12 campaign-2013
2.4569430565827123e+18 2.419188086767305e+18 2.495825038731905e+18 6.151510869732188e-11 2.874701784185585e-12 campaign-2013
2.3845358754740193e+18 2.3503800190338493e+18 2.418158566353829e+18 6.210702625791938e-11 2.9580054950919344e-12 campaign-2013
2.321148217218704e+18 2.2932451728734666e+18 2.350383158889585e+18 6.547441711983353e-11 3.194646928105873e-12 campaign-2013
2.2637571502703186e+18 2.234648303643387e+18 2.2932436391793705e+18 6.43244713268813e-11 3.089965611277579e-12 campaign-2013
2.2054362234019064e+18 2.1766191034276442e+18 2.2346408362070085e+18 6.556816097430509e-11 3.0551595637062077e-12 campaign-2013
2.1522907082028344e+18 2.1277735171470845e+18 2.1766285563125693e+18 6.562690226941313e-11 3.2723565915992333e-12 campaign-2013
2.103535606513305e+18 2.080011567261655e+18 2.1282214349252575e+18 6.843994129818515e-11 3.2748096332969693e-12 campaign-2013
2.0554398815657152e+18 2.031170682539263e+18 2.0800129560720328e+18 7.158480379374251e-11 3.2875571010965678e-12 campaign-2013
2.0071759661676285e+18 1.9826298882278144e+18 2.0311666096704356e+18 6.336455875027191e-11 3.0379043611836017e-12 campaign-2013
1.9637973902227338e+18 1.9447226946459354e+18 1.9834746448048522e+18 7.578414805703785e-11 3.650152240046843e-12 campaign-2013
1.9246059872725338e+18 1.9059119644088448e+18 1.9447155465600548e+18 6.795795098330654e-11 3.3978748483867025e-12 campaign-2013
1.8862080686608287e+18 1.8666966514973404e+18 1.9059145106633884e+18 6.66270025398293e-11 3.3162552048674194e-12 campaign-2013
1.8477870724194542e+18 1.827903424785835e+18 1.8667022637563917e+18 7.2500213173631e-11 3.4078445260429454e-12 campaign-2013
1.808995125723716e+18 1.7895289100608218e+18 1.828288827793004e+18 8.062564758942393e-11 3.5400941183254765e-12 campaign-2013
1.770272166246009e+18 1.751222640196912e+18 1.7899122022448026e+18 7.738081385816684e-11 3.4154074153158157e-12 campaign-2013
1.7360492789102792e+18 1.7217423975516756e+18 1.7508429517334646e+18 8.19349226528404e-11 3.998150518084567e-12 campaign-2013
1.707194037600316e+18 1.692768608220697e+18 1.7217446979048591e+18 8.410420694315151e-11 4.006035807592303e-12 campaign-2013
1.6781118103721892e+18 1.663932119675941e+18 1.69313287293123e+18 7.906084223129312e-11 3.836308789806212e-12 campaign-2013
1.6488208202106365e+18 1.6348886322005358e+18 1.6635796941640727e+18 7.641056451772466e-11 3.724990189853621e-12 campaign-2013
1.62004109640177e+18 1.6056663398005885e+18 1.6345379892540908e+18 8.833155939168247e-11 3.950008234667522e-12 campaign-2013
1.5910841915175263e+18 1.576966371891931e+18 1.6056625838978045e+18 8.334745477267116e-11 3.797554278268068e-12 campaign-2013
1.5619871686482637e+18 1.5474759405616182e+18 1.5769732206651418e+18 8.547755908285644e-11 3.799070719818316e-12 campaign-2013
1.5334222588779732e+18 1.5188475358012987e+18 1.5474707696827187e+18 8.98785323915393e-11 3.853958529301373e-12 campaign-2013
1.504094713276316e+18 1.4894941451312543e+18 1.5185304057292836e+18 8.633092454980477e-11 3.725370904519963e-12 campaign-2013
1.4753369457272056e+18 1.4610067489089984e+18 1.489803716722328e+18 8.686562404648685e-11 3.6973677381460025e-12 campaign-2013
1.446511237781121e+18 1.4318581238882278e+18 1.4610101652084495e+18 8.824466029675448e-11 3.684930928965797e-12 campaign-2013
1.4167483778595366e+18 1.4023967608128494e+18 1.4312526017933947e+18 8.910168865953371e-11 3.661030087309628e-12 campaign-2013
1.387890011168632e+18 1.3738307284798515e+18 1.4023962916238077e+18 8.993486635877789e-11 3.6466067859624616e-12 campaign-2013
1.36366476442932e+18 1.3541521127719944e+18 1.373829810025811e+18 1.0001428304326713e-10 4.664871065473162e-12 campaign-2013
1.3444228042286177e+18 1.3350363517500854e+18 1.3541489453140124e+18 9.987129101397475e-11 4.6356259011652985e-12 campaign-2013
1.3251654247241073e+18 1.3156364674582787e+18 1.3347544792817288e+18 8.790572251404328e-11 4.316881773082768e-12 campaign-2013
1.305901124701363e+18 1.2962456163040494e+18 1.315360888337338e+18 8.59685820571129e-11 4.2408205706563995e-12 campaign-2013
1.2863829632016282e+18 1.2768640882135908e+18 1.2959684699344033e+18 9.35218507497777e-11 4.395565099308155e-12 campaign-2013
1.2674156502444116e+18 1.2575076350115108e+18 1.2768640877835686e+18 1.02030295850152e-10 4.566953798068633e-12 campaign-2013
1.2476770756359764e+18 1.2381839625823406e+18 1.2575097353045809e+18 9.337132235967518e-11 4.3466647482312216e-12 campaign-2013
1.228238520553944e+18 1.2186367723279775e+18 1.2381827210847747e+18 9.504898522383783e-11 4.3570326847997044e-12 campaign-2013
1.209110085718659e+18 1.1993981732509955e+18 1.2188941223234314e+18 9.857477106436468e-11 4.420716710407289e-12 campaign-2013
1.1897714248079002e+18 1.180214845906811e+18 1.199398974283432e+18 9.990701984380803e-11 4.431838922925281e-12 campaign-2013
1.17024227949815e+18 1.1608425641879516e+18 1.180212479558823e+18 1.0970095051067645e-10 4.6253270229738865e-12 campaign-2013
1.1512759942503197e+18 1.1413076976776987e+18 1.1608441151446403e+18 1.0892810198955687e-10 4.582984570605416e-12 campaign-2013
1.1319021156917996e+18 1.1221015673986508e+18 1.1415513872135154e+18 1.0484406221323606e-10 4.476892453680729e-12 campaign-2013
1.1123791871075174e+18 1.1027476776400333e+18 1.1221000673540232e+18 1.0577720761148848e-10 4.4747025968448866e-12 campaign-2013
1.0929694807269926e+18 1.083271473501809e+18 1.1027498878340216e+18 1.0723535761995434e-10 4.477946706844668e-12 campaign-2013
1.0738855341805167e+18 1.0639088850516287e+18 1.0832689395616982e+18 1.0606148481985817e-10 4.448325060564908e-12 campaign-2013
1.054468734858884e+18 1.0448986709323054e+18 1.0641385372986625e+18 1.1021251656833925e-10 4.508693726668256e-12 campaign-2013
1.034967219446037e+18 1.0253521306123986e+18 1.0448969249504882e+18 1.1631288986897397e-10 4.616998581017451e-12 campaign-2013
1.0156064631856872e+18 1.0061712403302313e+18 1.0253504172920129e+18 1.0851935612169368e-10 4.434369804461896e-12 campaign-2013
9.9639812921248e+17 9.867258800803163e+17 1.0061746016077637e+18 1.1582500285963176e-10 4.593062532861211e-12 campaign-2013
9.77141645029387e+17 9.674468454676375e+17 9.867248906306804e+17 1.1316089452511535e-10 4.542956107627867e-12 campaign-2013
1.228238520553944e+18 1.1420354896102268e+18 1.3215133537938465e+18 8.802376697061248e-11 4.298632443636187e-12 campaign-2013
1.0883387313324338e+18 1.0384836547647754e+18 1.1403368845147398e+18 1.0724515120456232e-10 5.295432912111973e-12 campaign-2013
9.987258539039181e+17 9.606981304769972e+17 1.038048995150423e+18 1.1452630182058312e-10 5.633925236969269e-12 campaign-2013
9.286310032314988e+17 8.976396424522676e+17 9.604936881128045e+17 1.1867881115967477e-10 5.907581505246217e-12 campaign-2013
8.691553437104952e+17 8.419292795099304e+17 8.974486193907199e+17 1.1993876942686044e-10 5.96008614563313e-12 campaign-2013
8.185042110688865e+17 7.958984100367672e+17 8.419273093977921e+17 1.332614759078552e-10 6.585714071239555e-12 campaign-2013
7.749042870039037e+17 7.546273056297893e+17 7.959018660246263e+17 1.3953422653078118e-10 6.795692853103716e-12 campaign-2013
7.375329926341325e+17 7.209776527217117e+17 7.544659605310857e+17 1.5539503747413543e-10 7.560857250104283e-12 campaign-2013
7.024074088626514e+17 6.846036209856376e+17 7.211296662601873e+17 1.370101917222204e-10 6.654649674034028e-12 campaign-2013
6.699491435375059e+17 6.554664312617747e+17 6.843129637152367e+17 1.5354277379145857e-10 7.663330082251621e-12 campaign-2013
6.408919720465482e+17 6.263740664727279e+17 6.554681825838977e+17 1.4082648787454388e-10 7.02865940387787e-12 campaign-2013
6.129623519696878e+17 5.998414120737555e+17 6.26505714923742e+17 1.476803129643711e-10 7.264880023079188e-12 campaign-2013
5.863768232762198e+17 5.7321792024667494e+17 5.999702903510557e+17 1.4321577634757412e-10 7.033052648352014e-12 campaign-2013
5.622548116845132e+17 5.5150469532875654e+17 5.732163876243278e+17 1.6968447181914497e-10 8.06573128293885e-12 campaign-2013
5.4164700156942784e+17 5.3208069026601216e+17 5.5138751641158125e+17 1.566655909811106e-10 7.460930538339159e-12 campaign-2013
5.2479365745405626e+17 5.174974844283734e+17 5.3208193435066726e+17 1.6935077061484168e-10 8.4147508148081e-12 campaign-2013
5.102996807061065e+17 5.02990198464751e+17 5.1760486637244365e+17 1.7522465174592596e-10 8.235630043438226e-12 campaign-2013
4.957883981655633e+17 4.8868677410252883e+17 5.029925508973543e+17 1.6064095291027458e-10 7.500154584684717e-12 campaign-2013
4.82402924991655e+17 4.764003889923218e+17 4.8868481453857094e+17 1.8091313061852966e-10 8.665075180773448e-12 campaign-2013
4.70274526129986e+17 4.6432795078448365e+17 4.764021395901684e+17 1.8447699129477752e-10 8.628789437567848e-12 campaign-2013
4.5825809839000525e+17 4.521751254378064e+17 4.6432717483377914e+17 1.7789448072679278e-10 8.21767697292008e-12 campaign-2013
4.474035274757758e+17 4.424959622326888e+17 4.5227197505583514e+17 1.8611889501232007e-10 8.997789003182905e-12 campaign-2013
4.3763959607547795e+17 4.3293024852739155e+17 4.4249492712869485e+17 1.8232709993536766e-10 8.462894775501411e-12 campaign-2013
4.2808874827987936e+17 4.2321230032124563e+17 4.329295250826699e+17 1.83587647706708e-10 8.151739492867821e-12 campaign-2013
4.1963624568632115e+17 4.159152803872137e+17 4.2321427974786374e+17 1.847743955063575e-10 9.222102405398614e-12 campaign-2013
4.123984038779677e+17 4.087416173967949e+17 4.159147243845309e+17 2.076454707716885e-10 9.582267496594537e-12 campaign-2013
4.0502955672353926e+17 4.0152020294128934e+17 4.0873997847028563e+17 1.8126961514672075e-10 8.722361188799654e-12 campaign-2013
3.977899858414175e+17 3.941773843841419e+17 4.015206052321797e+17 1.832103371209007e-10 8.513240199203963e-12 campaign-2013
3.9051538379527936e+17 3.8688740405297376e+17 3.941784378078111e+17 1.920577281437088e-10 8.459014277386063e-12 campaign-2013
3.832908239947823e+17 3.797299621118259e+17 3.869682013390205e+17 1.874727021101049e-10 8.122724865541116e-12 campaign-2013
3.760415808843425e+17 3.7239126506405824e+17 3.797312306610811e+17 1.934375581166733e-10 8.077588358669226e-12 campaign-2013
3.699492456494082e+17 3.676802027535479e+17 3.723905184454965e+17 2.1452082938813884e-10 1.0207948486061979e-11 campaign-2013
3.651922001111658e+17 3.626446926311411e+17 3.676023270814371e+17 1.9014238955570527e-10 9.482773925375178e-12 campaign-2013
3.603445950531541e+17 3.57906230686658e+17 3.62645177177176e+17 1.9507160523477756e-10 9.473872060020167e-12 campaign-2013
3.5548436613968e+17 3.5300457856070925e+17 3.5790635015741984e+17 2.0885735599223773e-10 9.675612915529188e-12 campaign-2013
3.506896906587166e+17 3.4824334977342746e+17 3.530041066878525e+17 1.9014238955570527e-10 9.115232785046479e-12 campaign-2013
3.458140740710805e+17 3.433274052580669e+17 3.482425352074954e+17 2.1672076662797884e-10 9.62293081432174e-12 campaign-2013
3.40932422197845e+17 3.385541460586844e+17 3.4332809340464966e+17 2.0138651269626653e-10 9.158539769061766e-12 campaign-2013
3.361217031192467e+17 3.3370472989810515e+17 3.385539197233602e+17 1.9932504123129296e-10 9.010414195659967e-12 campaign-2013
3.31307129031159e+17 3.2885554872101504e+17 3.337050642714569e+17 1.9617476899253497e-10 8.850434984560299e-12 campaign-2013
3.2642210942109594e+17 3.240066768929986e+17 3.2885444988042157e+17 2.149244536509846e-10 9.148092237759508e-12 campaign-2013
3.21611052040284e+17 3.192312199943719e+17 3.2400754281546566e+17 2.0727444452786557e-10 8.896737314728316e-12 campaign-2013
