MRK421_epoch_56335/sed_mrk421_mjd_56335.ecsv
# %ECSV 0.9
# ---
# datatype:
# - {name: x, unit: Hz, datatype: float64}
# - {name: x_start, unit: Hz, datatype: float64}
# - {name: x_end, unit: Hz, datatype: float64}
# - {name: y, unit: erg / (cm2 s), datatype: float64}
# - {name: dy, unit: erg / (cm2 s), datatype: float64}
# - {name: data_set, datatype: string}
# meta:
#   __serialized_columns__:
#     dy:
#       __class__: astropy.units.quantity.Quantity
#       unit: !astropy.units.Unit {unit: erg / (cm2 s)}
#       value: !astropy.table.SerializedColumn {name: dy}
#     x:
#       __class__: astropy.units.quantity.Quantity
#       unit: &id001 !astropy.units.Unit {unit: Hz}
#       value: !astropy.table.SerializedColumn {name: x}
#     x_end:
#       __class__: astropy.units.quantity.Quantity
#       unit: *id001
#       value: !astropy.table.SerializedColumn {name: x_end}
#     x_start:
#       __class__: astropy.units.quantity.Quantity
#       unit: *id001
#       value: !astropy.table.SerializedColumn {name: x_start}
#     y:
#       __class__: astropy.units.quantity.Quantity
#       unit: !astropy.units.Unit {unit: erg / (cm2 s)}
#       value: !astropy.table.SerializedColumn {name: y}
#   data_scale: lin-lin
#   obj_name: Mrk421
#   restframe: obs
#   z: 0.0308
# schema: astropy-2.0
x x_start x_end y dy data_set
[from data line 129]
3.119341194500361e+17 3.095607281943597e+17 3.14392401400931e+17 2.391830749280229e-10 9.356321440365596e-12 campaign-2013
3.07074249311119e+17 3.04673697969319e+17 3.095604178051861e+17 2.1666249873042112e-10 8.805248802168122e-12 campaign-2013
3.022264730881192e+17 2.998638192116536e+17 3.046733924802618e+17 2.2265789677478948e-10 8.819965088074005e-12 campaign-2013
2.9739262433411437e+17 2.950056572308193e+17 2.998645204140886e+17 2.4422294667988233e-10 9.171941891411092e-12 campaign-2013
2.9263608877354496e+17 2.901633755730769e+17 2.950050657401767e+17 2.185714565039926e-10 8.579018893652407e-12 campaign-2013
2.8777212260614166e+17 2.8534050889343392e+17 2.901632785197871e+17 2.2504173298829717e-10 8.631443750311842e-12 campaign-2013
2.8292944180349936e+17 2.8047970377447242e+17 2.8534136679913693e+17 2.1769273586476574e-10 8.397936279412049e-12 campaign-2013
2.7804950456321094e+17 2.756420193579313e+17 2.8059836648951907e+17 2.2888073432314898e-10 8.542594251772467e-12 campaign-2013
2.7325537930762326e+17 2.7083076207029827e+17 2.7564211134531027e+17 2.393973545933426e-10 8.657208503666982e-12 campaign-2013
2.6837116368784864e+17 2.6604747817322368e+17 2.7077385168944653e+17 2.163527328707627e-10 8.162554055201202e-12 campaign-2013
2.6357424941336093e+17 2.611805523585837e+17 2.6604614473694208e+17 2.2635457413518808e-10 8.29666408965693e-12 campaign-2013
2.5875412361246838e+17 2.563502369599594e+17 2.6112584428554173e+17 2.2820589166565252e-10 8.2729330534157e-12 campaign-2013
2.5510297952032086e+17 2.539137041049763e+17 2.5634946606773994e+17 2.376468773011464e-10 1.187321170117012e-11 campaign-2013
2.5150184228729037e+17 2.4911139198347792e+17 2.5391370399807926e+17 2.1716764081642597e-10 7.97001183634143e-12 campaign-2013
2.478471802751694e+17 2.466932145759906e+17 2.4905971129838752e+17 2.3418482175310997e-10 1.1668241547722537e-11 campaign-2013
2.454397987719378e+17 2.442441565684453e+17 2.4669181334612016e+17 2.350245612610421e-10 1.1645860368572379e-11 campaign-2013
2.430558005716579e+17 2.4182232029438752e+17 2.442457069971734e+17 2.295983396787021e-10 1.1469041154105644e-11 campaign-2013
2.4064430037529494e+17 2.3942161830937738e+17 2.4182094673143773e+17 2.5039719291259685e-10 1.1959990858607592e-11 campaign-2013
2.3820658108976698e+17 2.3694640502824275e+17 2.394224981772228e+17 2.473240512775582e-10 1.1845914616625507e-11 campaign-2013
2.3579213777723005e+17 2.3459551975453523e+17 2.369967597974661e+17 2.514978665521796e-10 1.1898831693476621e-11 campaign-2013
2.321688038865064e+17 2.2971883233975376e+17 2.3454504810826624e+17 2.406650905148298e-10 8.196242624539183e-12 campaign-2013
2.28553035644747e+17 2.273439294017918e+17 2.297196765501283e+17 2.2779754966428073e-10 1.1258646058377317e-11 campaign-2013
2.260922648373042e+17 2.248488436631029e+17 2.272949419951137e+17 2.4613172882241034e-10 1.1656496514796431e-11 campaign-2013
2.2370641623697885e+17 2.2252428814462678e+17 2.248496699764015e+17 2.338286488568905e-10 1.1346184477695123e-11 campaign-2013
2.212525825822149e+17 2.2008209767434285e+17 2.22523544618907e+17 2.3662843095730576e-10 1.1387144812018565e-11 campaign-2013
2.1882566500659498e+17 2.1762089859207277e+17 2.200817299634565e+17 2.2796056739747688e-10 1.114214645034084e-11 campaign-2013
2.1647092809933523e+17 2.15188517464023e+17 2.1762184375742115e+17 2.3995489359910896e-10 1.1418225446100289e-11 campaign-2013
2.1400506273923315e+17 2.1282683662887926e+17 2.1518779844948906e+17 2.33577872585358e-10 1.1239338533112435e-11 campaign-2013
2.116563702474086e+17 2.1040248187255466e+17 2.1282683657512022e+17 2.470143075279838e-10 1.1531802249861179e-11 campaign-2013
2.0920130942648544e+17 2.0791819626828227e+17 2.1044782845040253e+17 2.471252439676229e-10 1.1504288031975215e-11 campaign-2013
2.0677472553553456e+17 2.055930272552155e+17 2.079619651974169e+17 2.3176585922018815e-10 1.1130387517190725e-11 campaign-2013
2.0428904009188557e+17 2.031643065084157e+17 2.0559247767887037e+17 2.330138700117888e-10 1.11406297293437e-11 campaign-2013
2.019182206417793e+17 2.0072322986013795e+17 2.0312222586668832e+17 2.39633101587804e-10 1.1284322317368792e-11 campaign-2013
1.9949091633484554e+17 1.9831029080594096e+17 2.0072302861663766e+17 2.659179147059094e-10 1.1856107154986666e-11 campaign-2013
1.9705130981146256e+17 1.9588512234216624e+17 1.9831042326653875e+17 2.478560342866482e-10 1.1438898072726041e-11 campaign-2013
1.9468368254878006e+17 1.9344772522519766e+17 1.9588440237343603e+17 2.767463083009716e-10 1.2052162996729497e-11 campaign-2013
1.922207704308802e+17 1.9104180553579434e+17 1.9344817760021466e+17 2.45296480118756e-10 1.1353227700064382e-11 campaign-2013
1.8982896881742426e+17 1.8862496622127046e+17 1.9104142251027245e+17 2.496145811267223e-10 1.1442298789519425e-11 campaign-2013
1.8742860008998902e+17 1.8623870195421555e+17 1.8862458804134624e+17 2.650625855710568e-10 1.178182484315187e-11 campaign-2013
1.8497958234099098e+17 1.8380523189458848e+17 1.862389507961974e+17 2.727139578222297e-10 1.1950909039371932e-11 campaign-2013
1.825614665267155e+17 1.8136537920455296e+17 1.837667926296111e+17 2.707933616921167e-10 1.1891002543926823e-11 campaign-2013
1.801381237273251e+17 1.789191727898761e+17 1.813651367674705e+17 2.7442810054858677e-10 1.1987541722977256e-11 campaign-2013
1.777084701974079e+17 1.7658134265302502e+17 1.7891941185190726e+17 2.633842241335137e-10 1.1743141065593536e-11 campaign-2013
1.7534954665326253e+17 1.7412634341512758e+17 1.76506785694746e+17 2.508912303965441e-10 1.1454838731878508e-11 campaign-2013
1.7287424125919997e+17 1.7170444325040976e+17 1.7412564523741376e+17 2.789842926309251e-10 1.2075739213724084e-11 campaign-2013
1.7047078161750035e+17 1.6924496575874298e+17 1.717043284599641e+17 2.6814042495491715e-10 1.185804934337436e-11 campaign-2013
1.680643468515054e+17 1.6682071757982726e+17 1.6928076323569533e+17 2.985388166316614e-10 1.2547758891183437e-11 campaign-2013
1.6569287876226186e+17 1.6446679769272893e+17 1.6682133062731376e+17 2.531460748666527e-10 1.1569643971652307e-11 campaign-2013
1.6321543070478534e+17 1.6197358490507235e+17 1.6446679763734115e+17 2.684528236336755e-10 1.1931450463281192e-11 campaign-2013
1.6080887041738877e+17 1.5958533524413894e+17 1.6197304368522416e+17 2.586887619765838e-10 1.1741324072964017e-11 campaign-2013
1.584054009325805e+17 1.57200152869021e+17 1.595860283375255e+17 2.6447018891687124e-10 1.1897648793414652e-11 campaign-2013
1.5597030349293235e+17 1.5478358318446093e+17 1.5719947003177418e+17 2.64541313924498e-10 1.1923480665752737e-11 campaign-2013
1.535735633305173e+17 1.5234093342106538e+17 1.5478435885005603e+17 2.7057500258097186e-10 1.2075326058711317e-11 campaign-2013
1.5111728817312285e+17 1.4990347158815888e+17 1.5230780209964586e+17 2.8902274624960813e-10 1.2483242582510555e-11 campaign-2013
1.487316019811568e+17 1.4747485132854058e+17 1.4990382212287926e+17 2.672542173271112e-10 1.2022893125835946e-11 campaign-2013
1.4632196744774285e+17 1.4508557769847382e+17 1.4747519618416454e+17 2.8376869739845265e-10 1.2384510698084156e-11 campaign-2013
1.4388991915801955e+17 1.427041141079526e+17 1.4508528679977344e+17 2.660130465083302e-10 1.1919394921894235e-11 campaign-2013
1.4146766305327382e+17 1.40272291151819e+17 1.4270368494645208e+17 2.659179147059094e-10 1.1819843554953519e-11 campaign-2013
1.3905774676272117e+17 1.3785371847812622e+17 1.4027294722610296e+17 2.9182972278724087e-10 1.2252153293508192e-11 campaign-2013
1.3663053120584518e+17 1.3541819737385784e+17 1.378531657276746e+17 2.918030730128756e-10 1.2080605780104218e-11 campaign-2013
1.3421742785388538e+17 1.3302650568448797e+17 1.3541846878724806e+17 3.0092631247935556e-10 1.202708307120726e-11 campaign-2013
1.3179065816646755e+17 1.3062126892216773e+17 1.3302641674039986e+17 2.707686329498907e-10 1.1185531786228297e-11 campaign-2013
6.576169980048523e+22 2.417927511606036e+22 1.7889364132391905e+23 3.09630452608352e-11 6.780042160621668e-12 campaign-2013
4.867538452075843e+23 1.7889335036795004e+23 1.3241284108443431e+24 4.559308502254904e-11 1.1376770105253974e-11 campaign-2013
3.6028464371083777e+24 1.3241297964902068e+24 9.798832303774096e+24 9.723413811228674e-11 4.026640709811406e-11 campaign-2013
1.387959568814934e+25 1.08354729953212e+25 1.6799647147353686e+25 7.42999244682257e-11 1.5253658032172955e-11 campaign-2013
2.1373710212504417e+25 1.6803268024946662e+25 2.604677156942234e+25 7.380305855813666e-11 7.1434660279814956e-12 campaign-2013
3.3047068670571547e+25 2.60467892260397e+25 4.039230352150491e+25 6.169154142262629e-11 4.34355090659395e-12 campaign-2013
5.1128780524168416e+25 4.039219594903205e+25 6.261200496890389e+25 4.8780001909244586e-11 3.5252201887117472e-12 campaign-2013
7.912008190534467e+25 6.262522791129669e+25 9.709605957088195e+25 3.98585770116895e-11 3.341682467648627e-12 campaign-2013
1.224621973271668e+26 9.709596318780419e+25 1.5057247869437176e+26 3.448251724740763e-11 3.469066387603677e-12 campaign-2013
1.8962814948125662e+26 1.5057298322736158e+26 2.334529364095466e+26 1.8333507541266543e-11 3.2504712647057695e-12 campaign-2013
2.9387945248043145e+26 2.3345270467086626e+26 3.618753960121469e+26 1.4594084837331537e-11 3.770150519343211e-12 campaign-2013
